160
113
407
75
664
602
751
110
378
631
447
601
748
758
671
192
522
694
85
864
183
407
962
714
929
7
955
822
852
431
453
746
570
582
397
18
809
140
566
370
621
993
692
962
848
494
937
497
263
196
470
61
391
196
613
226
208
584
596
194
176
960
628
459
763
615
75
671
946
327
239
8
321
137
292
930
718
130
704
310
542
747
412
924
130
504
462
424
339
619
581
73
49
73
732
102
946
277
979
9
729
12
578
649
405
9
447
258
148
338
610
976
288
523
199
708
825
553
28
565
138
89
244
339
648
666
891
873
784
697
451
569
816
796
118
484
346
848
397
794
933
6
112
246
740
68
927
693
826
16
256
81
734
267
658
738
308
387
658
76
20
